loss:	3248237.86914
1545958.98633
1304784.1709
1171262.5625
1077514.63281
1004898.64355
946877.314453
903167.233398
877823.739258
856955.14209
834079.170898
828659.958496
828962.731934
821684.925293
785936.221191
767225.111328
761722.830078
765310.880859
793401.310547
763848.071289
737226.05127
725235.436523
717882.592285
717043.581055
725259.254883
732618.472656
742976.308594
721382.676758
706750.580078
702723.822266
699012.166016
700704.868164
700523.901367
705894.226074
700902.386719
699964.088867
691294.183594
690855.202637
688650.538086
695390.125977
692375.37793
690402.060547
681194.282715
677763.020508
676054.056641
675976.81543
677798.567871
685971.508789
693793.649414
696689.601563
679458.64502
668783.595215
665099.897949
663049.160156
661838.257813
661500.289551
664489.916504
668530.389648
680960.022461
686203.142578
679813.623535
663977.690918
657858.557617
655143.560059
653763.727539
652424.026367
652207.458984
652195.87207
654002.404785
660391.772461
663431.361328
667493.963379
656886.350098
650819.256836
649006.153809
647882.864746
647369.603516
647362.184082
648788.148438
649875.801758
651750.869629
651405.291504
648809.569336
646038.521484
643458.605469
642980.734863
642888.433594
643655.831055
643906.361328
644408.005859
645833.923828
645316.38916
643057.850098
640930.154297
641535.551758
642968.420898
643707.560547
644359.325195
646739.868164
652571.056641
652491.736328
656143.183594
667414.794434
675528.761719
670205.166016
662764.201172
653345.024414
642658.202148
637243.354004
634671.412109
631712.974609
630611.468262
629857.503418
629347.743164
629138.933105
628639.113281
628305.030762
628078.413086
627882.632324
627791.694824
626594.120117
626561.023438
626460.954102
626461.261719
626642.169922
627327.459961
628327.14209
629640.160645
630911.619629
632505.490234
635091.499512
641136.335449
643979.692383
638716.328125
636993.44873
630337.814453
625730.204102
623920.889648
622806.393066
622139.894531
620637.46875
620172.000488
619962.380859
619781.531738
619632.290527
619495.59375
619354.731934
619209.804199
619078.002441
618979.151367
617810.858398
617479.375488
617407.399902
617342.793945
617289.595703
617228.314941
617135.344238
617019.527832
616943.43457
616969.447266
616101.507813
615941.948242
615977.752441
616085.574707
616311.375977
616494.814453
616390.948242
616241.770996
616590.113281
617305.691406
616919.278809
616452.552734
616375.941895
615780.633789
614457.725586
613801.586426
613628.020996
613404.733398
613186.865723
613094.849609
612108.882324
611508.852539
611219.339355
611128.591797
611072.583984
611000.351563
610943.288086
610893.459961
610811.191406
610699.758789
609703.944336
609374.421875
609329.535156
609282.328125
609238.598633
609183.798828
609108.625977
609034.692383
608986.518555
608959.745605

