loss:	3344018.73633
1569228.88184
1324866.81055
1188147.87695
1093450.34961
1018888.29395
962912.43457
928581.98584
905489.828613
860412.983398
833169.145508
823642.55127
833624.614258
826297.121094
790491.796387
769739.072266
762397.486328
769037.347656
781778.660156
771035.61084
746175.817383
729728.506348
720691.855469
718929.813477
725409.518555
739190.682129
736522.32373
721063.710938
710627.14502
706604.655762
701191.443359
700798.981934
700126.703125
700584.404297
698662.580078
698526.191895
696968.218262
694948.337891
694277.024902
694866.010254
690939.572266
683097.40918
678545.629883
676277.253418
676826.549805
678208.300781
684437.068359
691339.368652
697509.872559
686111.254883
675586.998047
668586.01416
665817.143555
664790.868164
664998.0625
665783.415527
669524.271973
677346.215332
680458.983398
679900.925293
667552.172363
660285.671875
657409.410645
655899.921387
655247.118164
655211.967285
655479.080078
659180.037109
667414.303711
673984.500977
667195.852051
656445.220215
651722.890625
649617.98877
648571.193359
647988.060547
647506.106445
647107.17334
648091.737305
650704.298828
653890.446289
653362.73291
651733.073242
648030.89502
645507.678223
643935.873535
643710.421875
644252.792969
644935.387207
645342.975586
646455.146484
646585.427734
645101.805176
643573.262207
642408.166504
643469.848145
645436.759277
644783.27002
645616.956543
650206.873535
651401.109863
653152.036621
659237.881348
666352.59668
670476.051758
673617.652832
667322.275391
654428.866699
645660.493164
639979.681641
635605.310059
633775.957031
632593.871582
631800.196777
631216.500977
630738.866211
630308.609375
629946.132813
629674.436035
629431.01416
628046.179688
627694.460938
627537.297852
627426.265625
627414.208984
627500.319824
627679.219727
627940.293457
628302.379395
628810.514648
628860.470703
630507.075195
632324.181152
633578.498535
636107.191895
638115.793457
639558.499023
637287.967285
634856.518066
631136.835449
626120.988281
623886.500977
622721.809082
622173.399902
621868.383789
621660.923828
621486.996094
621329.036133
621192.030273
621082.147461
619928.987305
619509.308105
619415.935547
619328.214355
619239.811523
619151.384277
619063.344727
618978.442871
618908.168945
618857.76416
617794.259766
617400.945801
617332.560547
617274.347168
617221.06543
617153.855957
617081.570801
617035.151855
617045.266113
617118.876465
616267.775391
615974.159668
615969.325195
616031.520508
616033.445801
615944.154297
615933.068359
616078.995117
616344.945313
616473.507813
615540.947754
615269.616699
614789.522949
614172.974609
613820.866211
613634.45752
613470.65625
613305.614258
613203.974121
613115.90625
612125.45166
611645.054688
611533.69873
611451.493652
611367.327637
611298.57959
611236.099121
611165.856934
611100.67041
611054.073242

