51
91
109
115
143
221
284
285
323
395
399
400
403
604
620
622
625
629
636
646
654
675
676
677
683
686
689
693
699
713
721
723
727
738
739
740
752
768
770
772
773
777
794
795
797
812
816
817
819
822
825
845
855
856
857
871
873
883
890
894
979
983
995
1001
1045
1048
1052
1065
1072
1074
1075
1106
1108
1109
1110
1122
1137
1140
1141
1143
1146
1155
1156
1157
1158
1159
1166
1182
1195
1229
1239
1308
1309
1314
1318
1319
1338
1368
1400
1402
1403
1418
1424
1435
1443
1448
1451
1452
1462
1467
1469
1478
1481
1491
1492
1505
1506
1512
1521
1524
1530
1536
1540
1557
1559
1560
1568
1576
1577
1578
1607
1618
1628
1634
1637
1638
1691
1697
1698
1700
1705
1706
1708
1710
1712
1716
1723
1736
1737
1738
1740
1742
1745
1751
1757
1761
1763
1765
1766
1768
1774
1775
1776
1778
1781
1786
1789
1790
1800
1802
1803
1808
1813
1818
1819
1823
1828
1838
1847
2030
2199
2216
2220
2222
2224
2225
2228
2229
2230
2270
2274
2319
2489
2508
2547
2564
2588
2595
2601
2603
2604
2680
2684
2698
2832
2838
2910
2954
2957
2958
2980
3009
3023
3059
3080
3170
3191
3193
3195
3226
3227
3231
3234
3278
3279
3332
3348
3356
3369
3383
3411
3455
3541
3558
3560
3561
3582
3583
3589
3630
3650
3750
3815
3829
3856
3907
